#Transcript position	Transcript coverage profile
0.0	0.10906423910232962
1.0	0.2788916222634735
2.0	0.0830554938875419
3.0	0.119906315232575
4.0	0.15924321012207568
5.0	0.22166934998851642
6.0	0.1271608119521548
7.0	0.21191935088243347
8.0	0.1823278978175227
9.0	0.1644050645700597
10.0	0.24880742312117293
11.0	0.3396313919668541
12.0	0.5738103135631427
13.0	0.8046128564741419
14.0	0.8584356687690924
15.0	0.8609156011473944
16.0	0.966616499678826
17.0	1.0404696148774881
18.0	1.0971075195998987
19.0	1.2938306917897984
20.0	1.3869747201473763
21.0	1.3636964905965197
22.0	1.4922563682057395
23.0	1.534065239453493
24.0	1.4229944319273742
25.0	1.2790127355474359
26.0	1.485231677749916
27.0	1.43347194501514
28.0	1.3942637673036058
29.0	1.4863762201774517
30.0	1.6432550392633
31.0	1.8827821150910642
32.0	1.9753158262557078
33.0	1.79981851748918
34.0	1.8330466917846573
35.0	1.8811563233896442
36.0	1.8647135227259743
37.0	2.0943146564115933
38.0	2.335693862923917
39.0	2.3700037020582028
40.0	2.2649551825272916
41.0	2.092281763285092
42.0	2.0542474854967114
43.0	1.720775660627445
44.0	1.4702448522311498
45.0	1.5902813894036725
46.0	1.5357944385164224
47.0	1.4161007507514798
48.0	1.2869505841477111
49.0	1.32074117401815
50.0	1.4032489408483932
51.0	1.4497205456259272
52.0	1.492368774379416
53.0	1.4059689636966528
54.0	1.4701257938850274
55.0	1.3799736603274084
56.0	1.2720336958547782
57.0	1.31658631489323
58.0	1.2360511768997193
59.0	1.2936798187234153
60.0	1.1805836484057664
61.0	1.521050258107987
62.0	1.754632373723068
63.0	1.6884837482683597
64.0	1.609620693017443
65.0	1.5993847909696803
66.0	1.8858316792375662
67.0	1.9322878155422973
68.0	1.934074343817454
69.0	1.945132702955662
70.0	2.164717382782295
71.0	2.5433306927673467
72.0	2.6463664171846664
73.0	2.1569360089741982
74.0	1.8670243417095513
75.0	1.8113775626482977
76.0	1.9379744887177157
77.0	1.833844864516099
78.0	2.0495537298615463
79.0	2.2802453270359635
80.0	2.0427858739956664
81.0	1.9923472011382029
82.0	1.9206421836201955
83.0	1.7671997611547086
84.0	1.4244770410960237
85.0	0.8960291494665301
86.0	0.7175322993584092
87.0	0.6979727579381199
88.0	1.0484255268168123
89.0	0.5905863392343121
90.0	0.45434923983619246
91.0	0.5749020021467472
92.0	0.5352725961854216
93.0	0.4621635098853648
94.0	0.28896729982368274
95.0	0.18590582971650665
96.0	0.11387774324197117
97.0	0.057049147545747046
98.0	0.0423663226721177
99.0	0.0
